-74.36,17.82 -74.36,115  108,115 108,17.82

56.42102,22.90412 60.42102,22.90412 60.42102,26.90412 56.42102,26.90412 
42.88739,97.46877 46.88739,97.46877 46.88739,101.4688 42.88739,101.4688 
74.99521,59.90725 80.99521,59.90725 80.99521,65.90725 74.99521,65.90725 
-23.42829,98.30267 -19.42829,98.30267 -19.42829,102.3027 -23.42829,102.3027 
-8.417503,22.44292 -4.417503,22.44292 -4.417503,26.44292 -8.417503,26.44292 
-46.01012,60.03914 -40.01012,60.03914 -40.01012,66.03914 -46.01012,66.03914 





71,42.4 82.1,28.5 108.29,5 134,70 103,125 82.7,97 70.5,84.6 63,62

-90.3,5.4 -48.2,30 -36,43.3 -27.5,62.5 -37,83.8 -49,95.6 -96.55,118.5 -103,45


51.05,70.14 53.34,64.0 51.52,55.37 71.03,42.33 64.90,62.80 71.68,84.72

-17,57.58 -21.23,61.90 -18.43,70  -37.45,86.0 -31.0,63.70 -36.25,42.88
