-200,90 -180,90 -180,110 -200,110
-180,90 -160,90 -160,110 -180,110
-160,90 -140,90 -140,110 -160,110
80,90 100,90 100,110 80,110
100,90 120,90 120,110 100,110
120,90 140,90 140,110 120,110
-200,110 -180,110 -180,130 -200,130
120,110 140,110 140,130 120,130
-200,130 -180,130 -180,150 -200,150
120,130 140,130 140,150 120,150
-40,150 -20,150 -20,170 -40,170
-40,170 -20,170 -20,190 -40,190
-40,190 -20,190 -20,210 -40,210
-120,210 -100,210 -100,230 -120,230
-100,210 -80,210 -80,230 -100,230
-80,210 -60,210 -60,230 -80,230
-60,210 -40,210 -40,230 -60,230
-40,210 -20,210 -20,230 -40,230
-20,210 0,210 0,230 -20,230
0,210 20,210 20,230 0,230
20,210 40,210 40,230 20,230
40,210 60,210 60,230 40,230
-40,230 -20,230 -20,250 -40,250
-40,250 -20,250 -20,270 -40,270
-40,270 -20,270 -20,290 -40,290
-200,350 -180,350 -180,370 -200,370
120,350 140,350 140,370 120,370
-200,370 -180,370 -180,390 -200,390
120,370 140,370 140,390 120,390
-200,390 -180,390 -180,410 -200,410
-180,390 -160,390 -160,410 -180,410
-160,390 -140,390 -140,410 -160,410
80,390 100,390 100,410 80,410
100,390 120,390 120,410 100,410
120,390 140,390 140,410 120,410
